/*xvenge01 - zadanie 449*/

||||||||||||||||||||||||||||||||||||||||||||||||||||||||||||||||||||||||||||||||||||||| 
ZADANIE: 
Body:
[0, -1, -2]
[-3, -1, -3]
[1, -3, 2]
[-2, -2, 2]
[1, 2, -4]
[0, -4, 3]
[1, 0, -3]
[-3, 0, 0]
[-2, 2, -4]
[-2, 4, 3]
[3, -2, 4]
[2, -5, -4]

Stredove body: [[-2, 2, -4],[-3, 0, 5],[-1, -1, 1]]

||||||||||||||||||||||||||||||||||||||||||||||||||||||||||||||||||||||||||||||||||||||| 
VYPOCET: 
 --------------- 
Iteracia: 1 
 ---------------
Stredy: [[-2, 2, -4], [-3, 0, 5], [-1, -1, 1]] -> v tabulke su oznacene ako B1-3, co predstavuje vzdialenost od jednotlivych stredovych bodov

|||||||||||||||||||||||||||||||||||||||||||||||||
[bod]         || B1    	|| B2   	|| B3   	|
|||||||||||||||||||||||||||||||||||||||||||||||||
[0, -1, -2]   || 4.1231 || 7.6811 	|| 3.1623 	|
[-3, -1, -3]  || 3.3166 || 8.0623 	|| 4.4721 	|
[1, -3, 2]    || 8.3666 || 5.8310 	|| 3.0000 	|
[-2, -2, 2]   || 7.2111 || 3.7417 	|| 1.7321 	|
[1, 2, -4]    || 3.0000 || 10.0499 	|| 6.1644 	|
[0, -4, 3]    || 9.4340 || 5.3852 	|| 3.7417 	|
[1, 0, -3]    || 3.7417 || 8.9443 	|| 4.5826 	|
[-3, 0, 0]    || 4.5826 || 5.0000 	|| 2.4495 	|
[-2, 2, -4]   || 0.0000 || 9.2736 	|| 5.9161 	|
[-2, 4, 3]    || 7.2801 || 4.5826 	|| 5.4772 	|
[3, -2, 4]    || 10.2470|| 6.4031 	|| 5.0990 	|
[2, -5, -4]   || 8.0623 || 11.4455 	|| 7.0711 	|


shluk 1 : [[-3, -1, -3], [1, 2, -4], [1, 0, -3], [-2, 2, -4]]
shluk 2 : [[-2, 4, 3]]
shluk 3 : [[0, -1, -2], [1, -3, 2], [-2, -2, 2], [0, -4, 3], [-3, 0, 0], [3, -2, 4], [2, -5, -4]]

 --------------- 
Iteracia: 2 
 ---------------
Stredy: [[-0.7500, 0.7500, -3.5000], [-2.0000, 4.0000, 3.0000], [0.1429, -2.4286, 0.7143]] -> v tabulke su oznacene ako B1-3, co predstavuje vzdialenost od jednotlivych stredovych bodov


|||||||||||||||||||||||||||||||||||||||||||||||||
[bod]         || B1    	|| B2   	|| B3   	|
|||||||||||||||||||||||||||||||||||||||||||||||||
[0, -1, -2]   || 2.4238 || 7.3485 	|| 3.0706 	|
[-3, -1, -3]  || 2.8940 || 7.8740 	|| 5.0709 	|
[1, -3, 2]    || 6.8829 || 7.6811 	|| 1.6475 	|
[-2, -2, 2]   || 6.2750 || 6.0828 	|| 2.5355 	|
[1, 2, -4]    || 2.2079 || 7.8740 	|| 6.5247 	|
[0, -4, 3]    || 8.0855 || 8.2462 	|| 2.7775 	|
[1, 0, -3]    || 1.9685 || 7.8102 	|| 4.5198 	|
[-3, 0, 0]    || 4.2279 || 5.0990 	|| 4.0356 	|
[-2, 2, -4]   || 1.8371 || 7.2801 	|| 6.8139 	|
[-2, 4, 3]    || 7.3739 || 0.0000 	|| 7.1514 	|
[3, -2, 4]    || 8.8247 || 7.8740 	|| 4.3753 	|
[2, -5, -4]   || 6.3934 || 12.0830 	|| 5.6821 	|

shluk 1 : [[0, -1, -2], [-3, -1, -3], [1, 2, -4], [1, 0, -3], [-2, 2, -4]]
shluk 2 : [[-2, 4, 3]]
shluk 3 : [[1, -3, 2], [-2, -2, 2], [0, -4, 3], [-3, 0, 0], [3, -2, 4], [2, -5, -4]]

 --------------- 
Iteracia: 3 
 ---------------
Stredy: [[-0.6000, 0.4000, -3.2000], [-2.0000, 4.0000, 3.0000], [0.1667, -2.6667, 1.1667]] -> v tabulke su oznacene ako B1-3, co predstavuje vzdialenost od jednotlivych stredovych bodov


|||||||||||||||||||||||||||||||||||||||||||||||||
[bod]         || B1    	|| B2   	|| B3   	|
|||||||||||||||||||||||||||||||||||||||||||||||||
[0, -1, -2]   || 1.9391 || 7.3485 	|| 3.5824 	|
[-3, -1, -3]  || 2.7857 || 7.8740 	|| 5.4924 	|
[1, -3, 2]    || 6.4156 || 7.6811 	|| 1.2247 	|
[-2, -2, 2]   || 5.8958 || 6.0828 	|| 2.4152 	|
[1, 2, -4]    || 2.4000 || 7.8740 	|| 7.0119 	|
[0, -4, 3]    || 7.6263 || 8.2462 	|| 2.2730 	|
[1, 0, -3]    || 1.6613 || 7.8102 	|| 5.0166 	|
[-3, 0, 0]    || 4.0200 || 5.0990 	|| 4.3012 	|
[-2, 2, -4]   || 2.2716 || 7.2801 	|| 7.2915 	|
[-2, 4, 3]    || 7.3048 || 0.0000 	|| 7.2457 	|
[3, -2, 4]    || 8.4000 || 7.8740 	|| 4.0620 	|
[2, -5, -4]   || 6.0465 || 12.0830 	|| 5.9582 	|

shluk 1 : [[0, -1, -2], [-3, -1, -3], [1, 2, -4], [1, 0, -3], [-3, 0, 0], [-2, 2, -4]]
shluk 2 : [[-2, 4, 3]]
shluk 3 : [[1, -3, 2], [-2, -2, 2], [0, -4, 3], [3, -2, 4], [2, -5, -4]]

 --------------- 
Iteracia: 4 
 ---------------
Stredy: [[-1.0000, 0.3333, -2.6667], [-2.0000, 4.0000, 3.0000], [0.8000, -3.2000, 1.4000]] -> v tabulke su oznacene ako B1-3, co predstavuje vzdialenost od jednotlivych stredovych bodov


|||||||||||||||||||||||||||||||||||||||||||||||||
[bod]         || B1    	|| B2   	|| B3   	|
|||||||||||||||||||||||||||||||||||||||||||||||||
[0, -1, -2]   || 1.7951 || 7.3485 	|| 4.1280 	|
[-3, -1, -3]  || 2.4267 || 7.8740 	|| 6.2161 	|
[1, -3, 2]    || 6.0736 || 7.6811 	|| 0.6633 	|
[-2, -2, 2]   || 5.3125 || 6.0828 	|| 3.1048 	|
[1, 2, -4]    || 2.9250 || 7.8740 	|| 7.4993 	|
[0, -4, 3]    || 7.2034 || 8.2462 	|| 1.9596 	|
[1, 0, -3]    || 2.0548 || 7.8102 	|| 5.4443 	|
[-3, 0, 0]    || 3.3500 || 5.0990 	|| 5.1614 	|
[-2, 2, -4]   || 2.3570 || 7.2801 	|| 8.0025 	|
[-2, 4, 3]    || 6.8232 || 0.0000 	|| 7.8892 	|
[3, -2, 4]    || 8.1172 || 7.8740 	|| 3.6111 	|
[2, -5, -4]   || 6.2628 || 12.0830 	|| 5.8172 	|

shluk 1 : [[0, -1, -2], [-3, -1, -3], [1, 2, -4], [1, 0, -3], [-3, 0, 0], [-2, 2, -4]]
shluk 2 : [[-2, 4, 3]]
shluk 3 : [[1, -3, 2], [-2, -2, 2], [0, -4, 3], [3, -2, 4], [2, -5, -4]]

||||||||||||||||||||||||||||||||||||||||||||||||||||||||||||||||||||||||||||||||||||||| 
VYSLEDOK: 

Vysledne stredy: [[-1, 0.3333, -2.6667], [-2, 4, 3], [0.8, -3.2, 1.4]]

shluk 1 : [[0, -1, -2], [-3, -1, -3], [1, 2, -4], [1, 0, -3], [-3, 0, 0], [-2, 2, -4]]
shluk 2 : [[-2, 4, 3]]
shluk 3 : [[1, -3, 2], [-2, -2, 2], [0, -4, 3], [3, -2, 4], [2, -5, -4]]

